00000000101000111010101000010000
01111000000100011111010110010010
00011111010101100000111110001000
01010011101111100100100110101110
11000111100001011110111010010100
10101110001011010100110111100010
01101100101101110110111010001010
11011100011010000001100111110100
11001010011111111011011100111110
10011110010110000000000000110111

11011010101110000010000001011011
01101000111010101011000011100111
11110101101101000011101001101011
01110110100010011010111011101011
00101011000110101101010111100111
01110101110001110110101000001010
00010100000011000101111110100010
01110000001001100101001011101110
01011110001111100101110010111000
00110000101100000110100100100010
01111010000111000001101011000010
11111011101111001111100010000010
01100010011010111001011000011000
01001110010010001000100001010001
11100011110010110110100111010111
11111001101101000011001101001110
10101110111100100100011100101111
00011100100100101100101010101111
00111011101011100000011110111011
10011110100110111001000100110001

01010000000000110001100001101011
10100100000011110110110101011100
10101010001111111010000011110100
11100101111011000100010011001111
00011011111101111010011101000000
11110111010110111011110011101010
00101001001101100100111010100010
10010001001101101101110001101011
10011101110001100110110110111001
10100110101000011011010101101011
01100001110100010101110001011011
00011100000000111000011110110111
10101101111100101000101101101100
01111011110111011101101100011100
01100100011010111111010000100000
01110101111000000001011110101011
00010110111110001011001000000011
01011101100110110110001000001000
10110110010010110000110110000010
00001011110110011011111010100111
00111110010101001111011111110010
11110100100111011101011101101100
11101011100000011001011110011011
10010101011010010011101110010000
01000101010101001100010110100100
10100101100110101000011001101010
10011000001110100000010101111000
01100110010011111111010101001110
01010001111110010000001011110000
00110000001111111011100101111100

11001111000110111111111111001010
00110010101100110010111101111010
11110011111001000010111010100111
01011101101110100100110101011010
01101101101101110000110010011111
00101110101101010110100010111100
00111111111110100100001110011101
10111111111001100111000011100111
10001100110011111101101001000111
10100101100101101100000111011001
11100011011110110110011001111100
01110010001011111010000110100110
11011110101001010111111001101101
00101011101011111110000110101111
11111000110000001011010100100001
01110000010100001001101100010010
11101011101101110111000001000011
11101100101100101110110011111011
01111110111000100100110001110011
11110101010011110111011111101100
10001000100010110001100100000111
00101110011011011000110000001001
00101110100110100010110111001001
11111101111110111101001011110011
00010101111011101010111100111110
11111011000000100000001000000010
10111001110110000110010010111010
00001011001001001111100010110111
10100111111000000101100101110001
01001011010111000010100111111110
11111000000001011010011111011111
01111011100111000111101001000111
11111100000111000010110101101011
00101000111111011111011101110010
10001000101101110110110000110000
00001110011010011101000100100101
10101001110110001111001001101001
11111111001010000011010011001101
00000010000011111001100110111100
10101011111111001000110100101011

00111000101110101000010000110111
11101011111001111100111000101110
11010001010011111110100100001110
11100010010111111100000101110110
00110000111001011000101001110111
10010110000010010101101101110101
00111100101111000011100111110010
10100011011010111010011111001110
11100111110011011110000111111101
10111010011000110111001001001111
11111010110010011011100010111100
01110001101010011111101101011100
11001111011000110111101111111110
00101010111101111011001011011100
00111111000001010011101111000100
11001001101011111011101001111011
10001111011100010101000011001011
11111001110111100101101010101001
10100100100100111001001111010110
11001001100111001111000001101101
00101001100011111100001111111100
00110001110101000011011011000011
01001001011000100100100110101111
10110110101001000100001010110100
11011000011000010110011110101000
01011111111000001001101111011101
11001111010111010101101111101000
11100001001111010101111111110000
01101110011011100101000100100100
00010010101110100000001111001001
00101011110110101111001100011111
01111110111101101011010111010111
00010111001010110011111101111111
11111011101111010101111110111101
00011111000111000010001110110111
11111100011011110111111011100111
00111111101100100100001110110110
11100110010101011101011100101001
11110011010011010111100000011100
00101001110110011101111010111011
11100100001000011110011001111111
10110111110011110111101111011011
01110110101100111001110010000010
11011001111001101011010111100001
01010011110100011000101100111110
01101101011111010110011101111011
11001101011011011110001001011000
11100010110111111101101101111100
11101111110010111000111011110000
01100001010000000011111111111100

01001101010110000000010100110101
00011101011010100010101100110011
11111101100011010100011011001001
01101011100111011111011011110100
01101010101110100011011000000110
01010011010011010111010111010111
00111111101101001101111011010000
00000111111000111000111010011101
10110111001111101101101011001110
11010001011001000111111001101010
10000011011110111000101101111110
00111011011011100110110100110110
00010010110100011100101110000100
10011101100100001011100111010001
01000010010001001011111111110110
10111101111010001001011111000101
00111110100111101011110111000100
11111101001001000111101101100101
11010111110010110011010100100010
01100110000010000111110110101110
11100111100010110011111111011110
01011011100101100111100011110011
11111100100011001100010111111110
00010000011010100011110110111111
10000000111000011011110111101111
11011110110001001010100110111001
11111010010011111100100111001111
00101111111100100101011010111110
00011111000010001100001010010000
11011100100101100111100011011001
00000000011101110111111010111000
00110100000111000010110011010011
11111000101110111110101111111000
01001101111010010100101100111001
01110110001000100011111001001001
01011111101110011000100101110110
10011101101011010100010000100111
01101110001000110010111100111010
00110001111011110100000000011111
11011100101101110110011110111101
00011101111001011111110101100111
01111000001010010100111111010110
01001111000101010101101010101100
01111110011111101110001110100110
10110101001111000000100111111000
00111011010001111101100111010011
00111110010011001110111010111000
11100110001110000111111001011100
10111010000100111110111111111101
00101001111000001010100011111011
10101101001111110101111001001100
11110111010001100101110101110101
10110100011111101001011001011101
11111111011101010010111101110000
01100011010101101000111100001010
10100001111010111111101110111011
10100101010101011110011010100111
11110011110101111111011100110001
11001011010011011101111111011100
00010001000000110001010110110100

11111111100011101111111011111110
00011100111011000101110001111000
11111001100001101010111011000111
10100111100110101111101001100111
11111100010101011000010100101111
10111001000111011010011111011100
11001101100100110111101110110111
00010101011010101101111111111101
00001100100111101010101110110110
11111100111000101110110000111110
00110111010011001110111011010100
01111010011010100111111001101111
10001000110101010011101010100111
00001111111111010100001111001001
01110110001110111001101101101010
01110011000011110100110111101001
10101110001000010100010110001111
11111110100011001101100001100011
11111111100011011001000100001100
10101111010110111100011011001011
01011111110011000011101100111110
11110111101000100111111110111101
01000011111111111111100011011110
10111110110110111111011111001000
01111000010111001101010000110111
01101001110100000100011110101001
01110101000011010111111111111111
01101001001111000010001001111010
10010011110110100111110110011111
01110011001110101111110001101111
11111111110100001010100011110111
11110000000111000001110110001111
00111001110101001100001100110011
11100000101101001000011100001110
01110111001110011111001111010100
00011011101001011001001101001001
00111101001001111111100110010100
10011011011010011011101111101101
01111101011011110111001000110101
01110110001110101001010001001001
00111100011110010001110101010100
01001001011010100010001110001111
01000011010101111100011010111110
00001110110000010110110001001110
01010100111111101001111011001001
01011100001011101001111111101010
10110011001100101111100010010111
11110000000101101111011011010101
11011101111010100010011111100111
11110111101111010101001111000111
10011101011000001101111100101010
01111101111101110111000110110111
00101111111111001110010010110111
11001110110011000110101001111111
11110101101100110110110111110110
00011111001111100100011110101001
00110101001011100000100101001101
01111100000101011101110000111111
11110010111011111001111100100001
11111000111111011000100001101000
01111100100010100110111111010111
00101111111101011100111011110111
01110101001001111010111000101010
01011011111111100011011101011100
01111001111110000111101000110011
01110010111110100111101010010110
10101011001011110110101010100110
10100110000111010100011011111010
10011110110010011101110111000011
10100011011110101110010000011101

10011110110011010101010101100111
01100110101011111110000001110111
11110111000110001010000111101011
10101011010010100011011101111101
00100011100001011100011011111010
11001011111111111101011110111101
11001110111101011111111000101101
11011110101011010110000101001100
10111010100000111110101001111111
11111001011111100101010011101000
01101000011111110001110011010101
11011010100110111101100001001100
10111010011000011001101011110101
10101010111011101000000101011001
01101110111100100111110110001101
01100111110111100001101111111010
01110101011100111111111101110000
10101101011101101111111001000111
00001001001101010001111110100011
00111111001111110111010101001011
11101010000110110000001100011011
00101001010111100010110111110110
01101110001010001100010100010010
10010111100111110000011110100011
11001110011001001011110001111100
01011000110100001011100011110101
11111001110111001010110011110111
01010110101001010001100110110011
11110100111111101101111011111101
01111110111111000101001001100101
10011011110000101100101111000000
10111110000100110111101111111100
00011000110111011010000111101110
11100110110010011110000111110111
10110111111111010001011111110111
01111010111001100111011110001111
11101011100001100111111010110111
10100001110010011110001111011110
11010010011110011100011011100001
10010011111101000110001111100010
11111000010111000000011111000111
01111101001011111010111011011001
00100111011001101101111011111101
00110101111111110101100111010111
01101011111000101010101000000101
00111011111100111101010000110101
01010110111111010101111101101110
01000110101011001101111000111001
11110110011101101111010111010010
00011111110001111010011110000111
00111101110111010101110111101101
00010110001110111111101000100001
11101111010111001001101000001000
01111011100110111111111001111111
10010111111111011101100111101101
10110100111110000011000110111100
10000111110101110001101110110101
11101110110110101010001100011001
00110110101101111101111011001111
01111101101111100101101110110111
11111110000011000110011100010001
10111111000100011101001111111001
11101010100111011111111011101101
11100000010011101010011010011111
01011100111111111110101101101110
00000010111011011011000111101011
01101001001111111111100010001111
11010000010100000011010011100101
10101111101000010010101011111001
11001111001010100111001110001111
10010011111010011101110000111100
01100101011111101101001101101010
01101011111011111110111100010100
10000110000101001011111001100100
01001101011111111010100010011110
01100101000001010110100110101110
00111111101101111011010101001010
10100101000011100111101101110110
11011111100011011111011111000111
01101111001000110011101110010010

01101001111001101010111101100111
11101111111001110110111010010010
11111101010111111111011111101001
01111111100010011010000011110100
00011111101010100110110011010100
11111110111111000101001111101101
00001111011110111000111001110101
01111000111100111101111110011111
01110100111101101011001011100001
01101111111110110101010110101111
11101101111110111111101101010110
10000100011111011001011110110000
10111100000101101010111001110101
01111011111001101111110111011111
10111101111101011100110011111100
10111110100111111101100100011110
10110110110110111111011111110101
01111011001110111000010100001001
11110001100011100111011011001001
10110011010110110011010100111100
10011010011010111011000110011011
11110101010111010111010010111110
01011100111110011100101011111000
10001111111011111110110110111011
11100001110100110111111011101111
01011011011000110010101011011101
01010011111100101111110011111100
11001011110111111110010010101011
00110101110101110011100111101011
11110110011011001100000011001100
00111110111101100011110000101101
11001001110111111011111100001010
01111011001000101111111100011101
00001001111111101010001001010000
00111101100100110011011001110111
11110110000110000101010100101110
01101011110110000001111110101101
01010000010111101101110111111111
11111000100100011101110011101100
00111001100011111101000110110010
11011110001011011110110001010110
01011001101010110111111011101000
01011011101000110000101011111011
11111100101110110110111110110001
01010010001011111011000101101111
01110111101010100110001101001111
11111001001011010011011111011100
10110111011111111011000010010011
11111010111011000110011101011101
10100110101101010001011100110011
01110111001011111110001010111010
11111001101010111001000011110001
00101011110111101101010111111100
11111111111000111100011001001111
10110101011100011111111010011100
11001010111111101010110101001001
10110101010111111100011111111000
00011100101101111101010110111110
10111001111111100001011001011111
01011100011011011100101110010101
10011110010100110001101010101111
01110010101110111001100011010101
01110111011111111011100110111010
01111010111101110111010000111100
11111100011011110101010001111100
11111011111111111011000011001111
01100110101011111010011111101000
11101011110000010001011011000001
00101101000101111001111000001010
10011100011010010011100011011011
11101001110110110101111111001001
01110110010000111111011110010011
00101111110100110111011111011010
10101101011101111101001101011001
01100110000011101100110001010110
01111101101001110010011001000100
11110100001001111110111111111110
11111011111110100110010111100111
00100111011101111101011110101110
11001101101101011110011011011001
10110111101001011111001110100110
01010001000011001010111110111011
11000100001011111010100001100011
00001001001111000100010111111100
10010101010101111111001011001111
01001110001111111110110101101010
11001111011010111000000011111011
01011001111100111100110110111100
11010000111110110110111010001101
11110011101110111111100111011111

10010111110010001001011011100010
01010000100101001011110111111011
10011011110110110011000101010101
00111011101000111101011110111111
01110101001001111100110101101011
00000110100111101111100011101111
11011010010001100111110011111111
00100011011011001011101110110010
11101011111011110111101100001010
01111111011010001011011001110100
01001110001110111110110000111110
01110111110101011111110110110110
10111111010011110101110111011000
01011111111101011010110011101111
01111101101111000111111011111111
10111100111001111010111011111111
10111101000110111111111111100000
01111110111010011010010100001111
11111001110110111111000111101111
00011110001011111011100110010011
11010111100010111011100111111110
01011000001010111111110100110110
01111100101101000101111001110001
00111110100111010000110000111111
00111110111111011100111101100011
10100100101001100111010001001011
10111110100011011111011010100110
11110100101000010100110100110000
00011111110100010010011101000111
01100010100110110011110111100110
01010101111010111110100111010111
11101101010001100111001011101011
00001111111100110111111010111100
01110110000111111001101101101010
11001110010000101100111011011100
11010111111110010010111010011101
11101011000111111011010101110110
01010010101011100101111110011100
01000101110111010111110110101101
00001111111111111011010101101101
01111010110011101110011001011110
01011110110111101000111101011000
00110111000011001101010111111111
11010011011101111110001111100011
01011011100101110001001111111101
11000100111101001111111011111111
01100101111000110011001010101010
11101111111101110110110011111110
01111101001011111100111110010010
11110001110110011010111011010101
11101000111001011110111111001100
10111110111110010111110000101011
01111101101001011110111000011111
11110110111100101001010101111001
00111000111111010011111101011110
01001010011010001110111011001111
11111110101001111110010011101010
00100101001111101001010001110100
10111011111011100110100110001111
00111101110001111001011101010111
11011010111110110010010001110111
00100001111001111110111110000101
01110111001101111101010100111011
01101100101011111101001101010111
10110001101100111110111110010111
10111111001001101011011111011111
01110111001100100100111100001111
01111001011101000111111000110000
11001011111101011111010111110010
11101011011111110111110110011100
00111011111110110101111000111111
11101001110110010101000101101101
11001011000101111100101101111110
01111101010100000110110011011101
11111111100011110011111011001111
01110010111001000011111100001010
01100000001111101111011011110110
01111111011000111001110001010101
00111111101000011011010011001101
11001000111011101111110010001101
11001110110100011100010101101100
00011110100011011011101100101101
00011010010101101110110101100100
11000011101011111010101011010111
00110000110000101011101111101100
10011001110101111101110111110111
01011111100011100010011111110110
11111101011100011111101111001100
01010100000101101001101111100111
10110100110110110010001010101001
11111011000110011011001111110010
10011101011101101111011111011011
11101100011100111111111100010011
11010110001100111011001001110011
00111110100100100110100001101010
11011011101111100110011100011111
10100111101111110000011001001010
11111010100011001111101001111110
01011100110110111010010011011001
00100001011111001110010010111110
11110110110111101010111111011111
10011011010111101010101110101001
01101000111110100010010111101111
11111001010101010111011010011110
11110110110100011111111110110011
11010101111011101101010011111111
01101101111101011111111011010110
10111010100111111011010100110110
11101010010111010011010111011100
10110111101111000100100111110011
10011011100111011001110010110010
01111001011111100101110010011110
00110100001101111010101110011101
00111101110100111010111101011001
10101001110110010100001101011111
10011001111011111101010111101001
11000111011001101000000111000011
10010011010011001111001001111111
01111010010010111011111101111001
00001011111111111110000101001101
11011101111000111011001111111001
10001011110101101101101111011101
01010111101100110111110011011111
11011101111101101101001011010110
00011011111111101101011001111101
00100101111001001111101111011000
11001110001110111111111010000111
00011010000101101111011101101111
11110000111001010101111111010011
11100111101110111110001100110101
00010101011111111110110101101011
11110011100111111101000011100111
01111010000110101111101001001011
10001111101011110111110111111010
11010101110010111111111010000101
11111010111111011101111111011111
01111101111011111111110010001011
01110111101111010111100101011011
01100111000111101010011111110101
00001111011011011110000000110010
00101001100110011101110100111111
01101000100011111001101101111110
11011111111110110101101110111110
11111100010011011101110111110011
11000000101010001101101101110001
00101001011111111000101111101011
10111101110000110001000011101000
11110000001111110111000111111011
10101000110011011101110001100110
00010110110001101100111111101101
11110111100100011100111010000011
11101111011110111110111000111111
01001001111111110111011010111101
00011010111010111011001111111111
10101001111010101111000111001101
01110011111101111100111010101111
10011110010110111010111011011111
01010111000010101000101010101011
01001101100010111010101101101111
01101011011011101110001110111011
11000110111010110101011111101000
01110111111011111011101111010110
11011111110110101111111010111101
01111011000001010011001111001100
01011010011110101111011011010100
01011011010010111101110101101111
01001010111110110011101110001111
01101001101100011001011111010110
10010011011101111111110111100001
01110011001011011100011111010100
10101011101111110111011101101111
01000101010100100011010111110111
11101010001000011111010011110110
11011111011011101010101111001011
00101101111100011101110101011011
00010110110101011011011110001001
01100111110010011011110010111110
11010111011010100011100110011111
01110100100001100101001101111010
11101100111000110111111100111111
11111111010100111110101101010111
11010010111011011111010101011100
00111111010101110111110011000111
01110011011110000010011110101100
10111110110000011111100011000101
11000111011110011110101010101110
00111010001110111010101010010111
11111101110110100010100111111101
10111111111011111010001111001011
11111011001111101101101101111110
00110101001010000011110010011001
01011110100111101010010010000010
01110111011110101011011010111111
10100101111111010111111100111110
00111111000111001100011101101000
10110111011110001111111011111111
10110111001101011111000100001001
01101011011111110101011100010001
11101010011001110101011111100101
00110110011110111001011111111111
11111110010111011100011111010011
11110111111010100101010000111111
01110101010011010000101110111101
11001100011010111001011010111111
11010101111010101011011011110011
10101100111110000111001010111111
11011110110100011101001000111100
01110111011110111111101111001100
01011100011011111101001100000011
10001111011111101111011111111011
10101100100110101100011000011011
00111111010001011110000100011011
10011111000000111101111111101101
00001010101011111111000111111111
10001100110010011000001110110111
01101110011111111110111111110110
00101001111010100100101111110111
00010111011011110111111011101011
11011000111001111100011010111111
10011001110100101010100011111110
11011100111100110111110110100100
01000011001110001111011001101111
00111100011101110001111100101100
01111110100111011101010110011100
00111000011001000110111010001000
01101110101100011011110001111111
10110110101010101001011011101110
01001001010111011111110000101101
01001001000101110111111011111111
11110111110011111110111111000000
11111101111111011001100100101011
00010100011111111111010011111110
01111000111011101000101110111100
01111011001100111100111101101110
11100000111110110101111010100011
00101100101001111010011101001110
10100001110011001101101011011100
11010000011011000111011101011111
11010010011111111011111101010110
01111111101110101111101001011111
01001110111111111110100111101111
01100001110110101111111110010111
10000011111101110111100010110001
00111000100010110011111001101111
10100111011110010010011001111011
00101010101100110010101011110001
00110010011110111010101110110001
11101010111011011100111111111100
11110010110011001010100110101011
11010001110100111111100010011011
01011010101111111101010001111100
11011011010001100110110001110111
01001010010111011001101110111110
00111001111011111111111111101100
00001100111101111001111010111101
01111111101011100111000110011001
00011000111101101011100111011101
01111111001111011111000110001111
10110011101011110111110100010011
11110110101110011111110000000010
10111010100111110100010110010101
01101101111111101100110110011010
11101101000010111111111001011100
01110001111011111101101100111111
00111011011101101101111110010000
11001000111001101110011110100011
01111111010001101111111111011001
10111101001111111011011101110111
01110111100110111111110010100101
11101111001011000011101101011101
01101001011010111111111010101111
01111101100101110101110111000001
11111001010111001111101001010111
01001011110110011111000000011111
11111010101111001011111111101111
01111111111101110101010110110010
11001100011111101011011110110000
11000011111111011110110100110000
00001111111011000111001011100101
01101100110111111011101110011111
00111101111000011011100101010100
11000111111001001110011000110111
01111110001110111101111110100001
00011101101000111110110111111101
00011011010100110100100010010110
11111101010000001110010111010101
11111011001001001000001010011011
01100101100110101100100111001100
01110100110101111111110011010101
00001010001011111011111100011011
00001010111111111000111010111000
11011111101110110001011101110110
00111100110110101100111011101011
01010011111100000111111110111011
01111111110101110111001101111111
00111100111000111111011111001000
01110011001110101101111011101111
10101011111100101101011110111110
01110010101111001101111110101110
00011010110011011010000110010011
11100100000111110001111011011101
11101001100101011111110111111111
00110001000011010100110010100011
10010111101011111111011011011100
01001100111101110001101111110101
01011100001010000110010011100110
10111110100111101010110110001111
11111101111111110010111100111011
00110011100111011011011010111001
10011001110001111011111111011111
11001111011010110001001110010001
01111111011100101011110100110111
01111110110100111111101111000011
11010011101111011100110111000111
01101101111111100000111101101001
00011011110111111011000101010110
10100111001111111010111000111001
00111110111101011010101110011110
01011100011111100100011110011110
01110010100110111110101111110110
01100101001110101010010000011100
00101100101011010010010011001101
10011000111010101110101100110100
11000111100001111101010111110111
11110000011111111111011011011101
01110101110111111010110111011010
11011101101111100111100111000011
01110010101010111010110101111111
00111111111010110111011010110011
00111100101001101111111101100111
11001110101111110001000011111101
00110111110001001111100111011111
11111010111101101111010011111011
11100001111111110110110111110010
10011110110110001001001101101111
01100110011000011001011001111100
11101111111110000110000000110111
00101110111110100110100111101101
01010110110111111111111010010110
00100100111101110111111110101110
10001001111011110011101101100110
11010100001011101011000101111011
11111011001000111111001001101001
11100110100110100100101100110111
11101111110011100110010111101001
00110110101111001101111000011101
11100111011001110111001000101101
11100101110100011110110111110011
11111001001111101001110010110111
11100100001001111000110010111111
00110101100111011110111010111010
01011101100001010100011010111110
00011100101010101111011111101011
01101111010100110000111101110011
01100111111011001000000110011011
01111011101101101110101011110111
11101110111011010101011000111101
01101100101110110111000010111110
00110111110110001111110111110110
11001111111101011101101011001111
00101001101101100110101010011001
01101110110100101101010000100110
11110011110001101111011101101111
11100111111011000010101111111011
00000111001111011011100100111011
01111101111011111111001011110110
00111111001011111111011110110010
11100101101101001010110111111110
11011101011010110110111111111111
10101111011010100010111011110001
01100001101011110101110010001111
11011111101111000011110011111110
11101111010111000100011110111011
00111110001010000101111011010011
00010101001011011100101100011001
01101110111011010011100001001011
11001101111101001110111000011100
11011001111110110100100101101010
10011001111110110110011111111110
10101111111111111111010101101001
10100101101011110010011111101110
11101100110010100111101000011101
01111110111000110100010100111001
01111111010011001101110100000110
10111111101101101101111101110100
01101101100111011100110111110000
10101111111001011010110111011111
01010110110101110010111111111110
01111111011001111101101101011010
11000111001110011111011111111011
11010111111111110010010011000110
00010110001010110111011111100101
10111101100110101101100111000111
11101001100010111100111101011010
00101111101110001001011011011111
11111101110111111111111101010100
01001111011001111111100101111111
10110110111100111111000110001001
00010111011011111000000111001101
10110111110010011100011101100001
10110110110110100000111111000110
11011111101111111111000011100010
00011111111000110011110100111001
01110010100110010011011101101001
11101001011001101000011011000110
01110001100110000101110110011011
11100111101111111011011011001011
11111001000101111100110100111011
01010101110011101001100011011010
01011010010000011111011110111010
11111100010011000101011111011101
00111100001101001110000011001011
10011010100111011110011100001101
11111110110101001111110001101011
01001111001111011111111001011001
00111101110111011010011010000011
11101101110110001101111101111100
10110111101111011001101010101111
11000111011001110011001111110010
10110010011110101110100010110001
01010101111001001111111111010000
11111101011100111011000011010101
11101111101010111101110101101110
01011001011111101101011110110011
11111100011110110011100101001111
11110100011101101110011111001010
00101011010011111110110100101011
11100101101010100001110111100011
10111111000101001000111111001011
00011011110111101011110011000101
00101100111110111111010011001011
10111110110011001101011011000001
01010110111011001101101111001011
01011010010101111001000111010100
10100010111101011100111101101111
10010111010111101100000101010011
11101010011111101001001001110011
10100110011110010110110110100011
11100010101100110111010110011010
11101111101110011000111101101111
11001010010111110001001100101111
11011101101001101111010011110110
00110001101011111101101101110001
01011011111010111111111110100001
00010101110101101101001100001110
11001111100111111111111111111010
10101001101100000101111110001001
11010001100010011111010111010001
01111101100000010110101111001011
01111010100111110011111101101110
00100000111111010011110101111111
01101000100101010100001110101111
01101110010111100100110001111000
01001010011011011100111000100100
10001101000100010101111001010111
11111101110101111101110111010101
01111101111111010110101101110111
10110101001101110111011010001101
11111111111111011111110010101100
01011111110111001001001011001111
11111100011111011010001010111010
11000100110111011011110000101001
01111110111110010011100110011110
00011010000011011111110101111110
00101001001111110100111111111111
11101011110101010010000101101111
01111111111110101111100110111101
11101011111101101001111111000000
01111011110101110110010110100101
01001011011000010011111110111100
10100010101111110101111011111011
01110111011011101110011000111111
01011111100110111101001111100111
00111111000011001011001111101011
01000111110001110011111011110111
11111111111100111100100111111110
11001011100111100100101000010111
11100101110100101110100001111110
11101101110111110010111111011001
11100111110111000110100101110111
10011111000100101111111100111001
00110011111010110011111101110101
11101111010010001101101111100011
11100110011011111010111111011001
00100011010010110110011001111110
00111101101110111101011001110010
10011011110111101111101111110100
00110000101010110010110101111011
11011101011001010001101111111001
10100010011100111110111110011110
01010101011110111001100100110100
01110101001101001101010111110001
11011100111101110011110011001110
01110110111010111101111111101101
10100100001010110100111110000111
11010000110110010101000111101011
00000010110010011111011001000010
11011111011001111011111011010100
00111110111101111001110011111100
01001011011001110100111111111101
01011000111101111101110011110110
01110011110110000111011111100110
01100001111011110111101100010101
11101000110101010100001110011000
10001110011111010100110110110110
11111001111001111000000101000011
11111101111100101111111001110011
01111010101111101011100111100111
11101011001011010100110001111011
01011100100110110111110111110001
10111110110100110111101110000100
10011111111010111010101101010001
00111101101101100111011010011011
11011110110110010010111110111111
00110001010101100011110111100010
11101010111101111111011011010110
11010010101001011110001101111001
10011111010100011001001011110101
11110011011001010001011111111010
10011001100111101111110010100111
01101111111111011110111111101011
01100110111010111100101100010011
01101111110010010010011110111000
00111010111111101011110110111100
11111101011110100001101100111000
00111101011001000110011101000011
01111111110111000000110000011001
11011111111010111010100001100111
11001111101011111111001111111100
01110100110010101111101111110111
01110101111110101110111100110111
00111101011011110110110001111110
01110001011101010111111011100110
11111010100010111001110101011111
00111010111001010111110001100111
01101100100111010100110101101110
11011100011100110001111000010001
11000010100111011101011101111110
11011011110010011101100100110010
11011000110110101010001111111000
10001011000111011110011111011111
11111010111100100101101011110111
11111011010101110011011001011010
11111111101111110110110011111001
01111001111011011010001001101111
01111101011100111011001010011110
11000111110111111010001110010011
10110101100011110010000101110100
10101111110001011111000000110011
11101001010011001111101011010011
11110000111111111111011011111000
10111111101101110101011100110110
11111101111101101001011011010100
00011101100000011011110010010110
01111000100001101111100110110011
10110110111111001100111111111101
11011000000111111001011100001000
11111000101100011111000101110001
00110101110101001110111001011011
11101100010111000101110010111111
11011110011111111000010111001011
10110111000111101011100111110010
11011101111011111111111010000011
00011111101111110111100010101111
10010100011011100110011111110101
11011011110010011011010110110111
01010111010101111011011110011101
11001101100100110111100111100110
01111111011100111111111111110100
00110110001011000111100000111010
00011110110011111011001111101010
00010010111101010110011110111001
11111111110011111110010100110011
01110101001110001011010100111011
01110111010001011111000110011010
11100101110111010111010100110010
11000111110110010001100111011011
00110010111000011110001111111111
01011011111111110110100111101000
11010111001001001111001111111001
10010001100111101001011100111001
11011011111110110111000110100010
11111101100000001000101101011010
11011111000111110101100001101111
10010101001111101100011101011111
01111010111110100001010111111110
01011110101000001110110001111101
01101100110011101110110101111011
11110111111110111011111000001111
01000111100101111101111010110101
01000111111101111010111011010001
11110010110100111010111111101100
11000000111111100111001110000001
00101011110111010001111011010111
11110010011000101010100110011001
10011111001001110001111110111001
01011000101000011001010110111110
10011110101101011011111111100111
10101101111110010110111101011000
10001000111110101010011011110111
01001101111101000101010111011001
11101011111000011011011101011011
01101011111011100111100111010111
11001110010111000111111010001101
01111011101001111101000000001101
00101000111101111001111110101011
01100100101111101101111111011010
01110011100111110101111111111011
01101101110111111010101000001000
10110011110101011101111110111011
00000110110111100110010110010011
10110001111000001011101011111110
01101001011011001111111101000001
10100111011011101101101000011011
10100101110110100111110111101011
10111111111110100010001000101101
01011010110101111000101001110101
10000100111010111111111110111010
11011100110010011011010011110001
00001110110111011111000111111110
10110010000111101001110110100110
01111101111111010100101001100111
11110100010101101011110111111000
01100000011001100110111011111011
10011101111110111111100011111100
01011101110011110000010010011111
11110111111111001101111010111110
01011110100111100101011111111111
11100111110110011011010111100110
10100010001111111111111110110010
01111101011110000011100110011000
00000101001111011011000001111110
00010001011111111110110110001110
11111110010111110100011000101111
00011000011001111101001011110111
01101110111100111111000100010011
01011001011101101111011011010111
11111101110101111011001111011000
11111100101010101110000011111110
01111101011011100010111100111111
11101010011110111011010110001111
01000111001111001101010100011011
11101101110101110010100000010110
10111110011001111101111111111011
11100100010111101101111000100010
11111111111110111100111100011111
11111111011100101110000111111101
01011101111010100111100101111101
11011001111011110101111110101101
00011111111111110110111111000110
01011101110010010011101010101010
01110111010100111001010101111011
01111110111000111011000011111110
11111100100001100111101111101000
01110110111110010010100111101011
10000100010111001010111101101101
10011110101001001111000100111101
11101000111111011100001111010111
01001101110010101011101101101001
01011100101010110100111111000101
10111010010110011011111101111100
10011111001111101010111111111011
01101011001111011011110110111011
01011100110101111111101111111111
11111101110001111010010110000011
01011111111110010101011001011110
01011101111101011111011000111111
10111010101001110011110110110011
01011001111101110010101010010011
01001011101101010100010010011000
00110010111111111011101110011011
11000111010011111100000101101111
11011001110101111011111111110110
11110110101010100110101111111111
11010111011010101111111110101111
01001101110101101010101111110110
11111100110101111111111100110011
10001111010101111111111011111010
01111101010001100000110111000010
01111110001101101011101111101101
01101011001111111000111110111011
01101000010011110101000100001111
11111111110001010101001011010010
00111111110110011100100110110111
11100111101111100101111100110100
01111111101100011111110110110010
01111101111000101001110111011011
00111111111010000100100111111001
11111101100101100010101100011010
01011111111110110101110110110010
01111110111110111100011110010111
11001001111110100010111111010011
10010011110010010101101100110101
11110010001011001000101100100110
00101111011110101111101110000101
00101110111111101111001110001001
11010111101101100011000111100111
01010101111111011010111011111011
00011100111011001011011011100111
00110101010111000111001111101011
01111101111010001101111100011101
10110001110111110011111111111111
00111101010110010100110111100011
00100110010110010011011011010101
11110010011111111111111101101101
11111010110010011111011100100110
11101111110010110110011010111111
10111010111101101101100111110000
11101101110111011011011001111111
00111011101101111101111011100011
01111111111110111111101101100101
11111111011101011111110010111011
10111110111111010001110100101101
10000111111101110101000000110111
00111001010110110101100001110111
11111100010111110111110101101101
11101010101111100111101111111101
11000111011111110101001011010011
11110101011110100111010110111111
11000001101110000101000101111011
01001111010101010000111111101110
10101110110110000010111101010101
11011100001011110000000001111111
11000111011111110011111101111101
11111101110101101011011010010011
10111000000110110110111011010001
00111111001011101110111010011100
01000000011100110011110100111001
01011101110011010111000011010111
01111100011010111110111011110111
10000110001011111111111100111100
01110111011101111000010011001111
10011101110001011011111011010111
01111011010111011111011000101001
10111111101111101101101101110100
00011000010100111100101011011001
11111111111001011011101010110011
11110101001100010001001000111000
01111010011001111001100111001001
01111110101100010011111111110110
11001101111101100111010111001110
01010001101011011111011011100111
00001100101110101110111101000111
11111011011011000101001111100001
11111011100110011111100101010111
00100111011101100010110111111000
10011011100011101101001011100010
10111011000001101000001111110010
01101010111100100101101010110110
01110011111101110010111111000101
01110001110100011001001111101111
01001000110010110111111000010111
10010011111111111111011101011110
01000011101111011011100111110001
10101111101101001111111101111101
00110110111100111011001111101110
10110110111101010100111011001111
10111010110101110111110101011111
01111011010000011111010100100011
01001001100111011111111100011111
11101101100111101111101111011101
10011001000111011011111010010101
01111101100101111111011010010100
01110111001110001001110111111001
11111010111011001010011100011110
00111111010011110100101011011100
11111111111010011110110000101100
00110111010001010110001111111011
00111110111001010011001101001100
11010001101001001011101101100011
01010000010010111110100011100101
10111011001111010101111111011110
01111111011001001001011100011011
01101011101111100111010000100100
11101111111010101000111111100111
01010111101110100011000110101010
11110111000111100110010111101010
01100001100011001111010001000101
01011100100110010001011011111011
11111001111111100010011110111011
00110111100011001110010110101001
10001110110100101101100111101011
10001100001110110011100111011011
10010111111011111111111101110000
01010001101101101101101011100101
00110010101000111001110110110011
11111111100111111111101100011001
00110100011000111010001100111110
11001110011111110111101011100111
10110111100101011111110101101000
11001111011111100001110011011111
00001100011010011101111111110111
11011111101011000111110101100011
11111111000101010110101011001110
10011100111101010111111010101010
10111010001100111011011011000101
10111101011110011001110110011111
11001101110101010101101100011110
01001110101110111100111111101011
01111100011011111010111110110011
10011001011001111100000010001101
11110100000111100111111110100010
00111111011010111111110001111000
11110011111110001010110110101110
11110000010100101101010110000100
11101110110001111011000111110010
11010010111101000010111111111111
01010111110111111100010101011111
01110010001110110111010010111110
10011011111111001101001011110011
11010101111111001110111110111100
10111111001111001010110101110111
11110000100011111111101111001001
10101111111010010111101110110111
10100101011111111101111110100101
11111010011101011100100010000110
01111111111000001011001110101011
01001011010011111011111000110010
10101101011110000111010111111000
11011011011110101110011101101111
01100111101001101100010011111111
11010110111110110111001110101111
11111010000111011011001010110000
11111111111011011111001110011011
01000011000010101101111011111011
11110111111111001111101110110111
10010011101101111111011100001011
00111100011111011001111011001011
11001101011111111000110111011000
01111011101001111100100101001111
00111110101110001110111000111010
01101010111000111111101000011111
11011111110100101010000011110111
00011001100110111110111101100100
10111111001011101100011000100111
11010011110111111110001010010101
00111110111101000001111101111111
11001011101010111011001001101111
01111111111001101010111111101111
10111110101111010111011101111111
11000111010111110000110101111001
10110011010111111111101110000111
11001010001001101111110100010110
01111100111001110101111011010100
11111101011010110110001100101101
11011000110101100111001111110000
10111100100111111001110111010100
11110110111110011011101011000011
10000001111101110110011011100111
00101111100010011101101111011101
11111111111111001011110011100101
11011001100010010110111011111101
01101111110111001001111010000001
11111011111110110010110011111101
00010111011001111101111011111000
00111101110011111100100111010111
11111111011110010100111011101111
11011100100000011110110111001010
01001001111111011101011010101010
00011000010011101000100111101011
00110101000011101000111011111110
01110101110101111101111110010110
00110111011101100001110011111101
01110101011011011001110110110011
01101011111011110011001011010101
01111100111111011111011111110011
01110110001100100010110110100000
11101001101110010010011101010010
11000001010010100111011111100101
01010100111111010101110000101100
10100100111110011001111110011010
10100000010101101111001111111101
11000011110111011011100001111111
00010011100110011110100001111111
01001110010011010101101111111011
11110101101000010111111111011000
01110100010101010101110100001011
10111101100101111010110111011010
00011011110011111000100100111100
01110011111011111110111100001111
11111011111101110101110111111101
01110001101110101101010110110100
00101110011001000111001001110111
01111100001111111111111011001001
11011101110101111001111111100111
01011010111111101100101001101011
11110110111110101011100101011001
01110111111110001000110110111111
10011101111111111010100011111110
10001111101001100110001110110001
00010110000101100011010010111110
00101100000010110110001101010001
11110101011000011110000011110001
10111000110000110100001111010110
11111011100100101010001010000111
01000111111100011111111011110011
01011111011110011111101011101110
10111001111011111010001111111111
00111011101011110101000101111101
01010110111000000111101111111111
11111110101101011000000111101110
11011111011011101111111111010100
01001000010011111011101111000010
10101011100011111001111111111101
01110011001110011101110100110011
01100011111001111000101111010110
00101001010101101001100101100100
01111110000110111001010101111001
10111110101011111000001101110011
11111110011110110110111101100100
11010010110110001111001011001100
10111100111111111110101110010011
00000100111101100100101110110111
10010110111010010000111011100101
01011100110101111100001111111110
10111010011011111010100011101111
10001101100010011001100011011110
10110100111000010101101101111111
11011110101000000111001111111101
00111000011011110101111001101001
10011011011110111111111101110011
00111000111110001101011010100101
10100110111101011111111110011010
00111100100100011110101100111101
10111000000101111110100101111111
00100111111101000011111010110010
11010111101111101111011001101100
00110100111001001101101111100011
01001111011001101101101111011110
11111011110100000111111111001111
11111011110111010010101000010101
11001001110111101100101001101011
00111011010111011100011110100110
11111111110011111000000110001011
01111101111101010110010111111011
01100111101100000011111110011010
11111101101110110110100001010111
01001100100100110111110001100011
00101101001011110110111011111001
00110111110010101010101011011111
01000110101110010011110000101011
11010001100110111010100100110101
01011111101101001110100100111001
10111111001111010011011100011000
10111010101111010110111111011010
11111110101101101111000111110010
00111101100100110101110111011101
11100111011110001110100101011010
11110010111110111110111101110101
01010001100011011111010101010110
11111011101110101101101110110111
11001110111011111110101110111000
00111110111111110111001011011011
11011101011011111001111101001001
10111100011110100011110110001100
01111101101101101011101110101000
00101101011011110111011101011101
10111111111000110011011101011100
10111111010011000011111001011111
11111110001110010111111010101111
00011101111011011011010111011000
10000010111010100110011110110010
00010011001110011101101111101101
10101101100010010010111111001011
10111010111100100110011000101001
11111010011110011111101110111100
10111111000010100101001110111001
01110111101101101110001011000011
11100111100011010001010101010101
01111110110111110101011110110111
00111000101111100111111111011100
00011111011011110101011011101101
11111100111100101111011110011010
10011111111001111011101011010101
01010111111011111100111110111001
11100101001010001111111110101110
11011101111100101011101111100001
10110000110011011001011111000000
01011110000011100111100001010101
00000111110011101110010011011110
11111011011001100111001110111110
11001100111101101011111111111101
01011110001011001110100111111111
01111000111111101100110110011101
11111011111001010010101001110110
00110111110100011111101100111100
10010110111011111111100000011110
00101010001110110111010100000011
11111101011111010101111000111001
00110011101010110010111010110011
11010111111001010110111111110101
11000011101111110100000111001111
10111010111111011011101111111101
10111101000110010111101011111010
10111110110111111010011100011111
01011110110111000101111101011110
00100101001101111011011001110101
01101111101010101111000001111111
01010010100111000111011010001111
10111011011111000111110000111111
