0
1
11001101111011101010010010001010
10111101000101001000110110101011
10101000100111011010100011001011
01111010101001110101100110111000
00001100000101011101110011110000
01011100011101101110001001100110
01100001011011000011111010010010
11101111110010111110111010110100
01100001111100111101101111010110
11000000100011100011111110110101
00100001100111111101010111000110
10000101101101010000000000010010
01110101110001110001010110010101
00010000000011101111011110000011
00001000000000000100111111110100
00110100111000110110001100100100
10100100010110010101000010000011
11111011000011100100000110011001
11101010101010011000000101001001
00111000010001111110101111101111
11100111110001111110101001101011
10110101111000001111100000110011
01110001111110010101011010100100
11101011011001011110111010000110
00101010111000001111001001111110
10101101101111001110001010110101
10000000110011101010000110110100
00100010100000001001100001101001
01111111110110010111111001111111
11110001010110101110000111101011
10101000110001111110010111101010
00100111100001000010001010011100
11101111011100010100011001011100
11101011101111101100100000001111
11100011010101010101110111000010
11001011000111100101101101010100
11110111111001011001111000110110
00001001100110110011111111100111
10000000101110010110001110000101
01110001000010000110101110010011
11010010011110001111111100111100
10000100110001101001010011010101
01011011111111000110001000111011
01110001000011000110101011010110
01000100101111010110100111101000
01101101101000101010000100011100
10111110010111011000111000000010
11101001111100011101101100001010
01000100100010001000010110100001
10001111000001100110010001011011
00101001011111101110001001010010
10010110011000001011101110110111
00011111100000111110110110010011
11101110110101110010011000101011
01101110001101110111110011110110
00110000101101110101001001010110
11011100001110001000011101101111
01110100100111001111001011111000
01110011010111101101111000110011
01011011000110101010010110000111
00100011010110110110000111000001
00111000000111110001001000010001
01100110001111110000001011011110
11100111110100001011101010101000
00001100010100000010011011110101
00001000010101100010100011100010
00010000001110000001011011110010
10101101001110100111110110111111
11011011101010111011001101001011
00000101001101111101101010100001
11101100010000110010110001101001
01010101000110101110001100110001
01101110101000010100101000100110
00011000010111010111100010111111
01010100011001111101100011011101
10100001010101110011110010101100
11011010101100101100111001011101
01100110111110111011011001000100
01111010100111000001001100010110
11000010110100010101101011110001
01011110101001001110010000110110
01001101001110101100110101000100
11101011101101011101101101101110
01001110010010000100000010001011
01011000100110111100011011100100
00110100011011111001111101101011
01011000110010011001011111111001
10101111111010101101000101101001
11111101011010001100101111111010
00010110101010101010111010001010
11010000011010111111111010010010
00111110010001110101110111001000
11001000011010111100000101101011
01011000101100110011010111110000 <= 
11110001100011110010110010101011
01000001000110101111001111111100
11000111110011100000001011010101
11111010001000011000011001001000
00011101101111110011001000010111
10111101101101001100011110100011
10001110111101111101101101101100
11110100111101011011111000110011
01010100111111001101000001000100
11100110101000101100101000100100
10010111101001111101011001111110
11111000101000001100110010111000
00111011001011101111000010010101
01001110011011101111111011001011
10000001001110001111110100000101
11111010100010001001001111100000
10001001001110100010100011011011
11001100010011111110000010101101
01011111011000001110110010000001
11100100010011111111101000010111
01011000110101100101100001101011
01000010111111100010111101110111
10101100100111000101010011101000
10001100110001001101110101011001
11101110110110100011110000111101
01110101011010111110100001110001
10111101101100111011001000010100
01100010001100001101010011110111
01111111101001110011001011001011
10100010010100111011100111011011
01101101010101100001110111011110
00010111011011100010010100101100
01000101010001000010100001000111
01000001110001001101001101010010
01000010010010100010100010110101
10100111001100010100000011101000
11011100011011110111111100010011
01001100010001000111100010011001
10010100101010100110010100001111
00011000111000110001111000101001
10101011100000110100001001000100
10100000101110101100110100001111
11110110101100001010110110100111
00010011001110111101001100011100
11101000111111011111011001110100
01010001000110111110100101010001
01011101001001011011110010111110
01010011011100101101010010010100
11000101100100101010101010101110
00111001100011111011000111001000
00011001101111011011011000110111
00101111100101101010110101101010
10100011110100110011100101000111
00010001100111100111010101111010
10001001101111101011011111011011
10000101000101011100001110110000
01110111111010110101100000111100
11100110000011110001100000010110
11100111111011111110000000010111
11101011011111100100110001011000
10111010101101110100011101101001
00010111001100001101110101001010
10101100111010011101010001011111
01100101010101111010100100100101
00010010111101100101101101010001
11000100101010010000101001001001
10010011110011011111111111011100
01011001001000000110011001010011
01111000011001100010101101011101
10101110001110010001110100110011
11011000111001110010100100111111
11101010101101110001010001011100
00111000011111101010111111100101
00101101001011001101010000000010
11011100000010110110100111011001
10001000001111101111111100110100
11100111100101010111101001100100
10011100110000010000110100110101
01101110100100100000001001100011
11010100011100001010110100100010
01100011110001110001100000000001
10010011110101000011011101000111
01011010000101010101001010000111
01011001000110010110100100100101
01001001001101001101000100111100
00010010001100010001000101010111
11001111010001010110110010011011
10010111011101111010011101111111
01000010001010110100011110010000
10111101101100010101101001000000
11011101001101101001101110001110
01010110010101101011100000111100
10111110000101100010100110001111
01001000100001001110001010011000
11001101100010011101011100010011
11010100001010000101101110010100
11010101010001100101010100101101
01010011110100101001110010001010
11010010111111101110110011100000
00010100110101011110111011010100
11110111110000000010110010011010
01110010001101001000010110011100
00000001001110001000111000010101
11110101100001001111001000100011
11100110000110100011101001011110
01110111110111000101101100001011
2
00000100110110101110101011011101
00000100110110101110101011011101
11011011001111110101010001111100
11011011001111110101010001111100
01110111010011100001101011101001
01110111010011101001101011101001
10000011110011111011101001110000
10000011110011111011101001110000
10100100011100010110000010010101
10101100011100010110000010010101
00011101010100110001110100011000
00011101011100110001110100011000
11101100101001010011100110010110
11101100101001010011101110010110
10101101000101110000100110010011
10101111000101110000100110010011
01111110001100101100110011110100
01111110001100101100110011110100
11001010000110011001000000010001
11001010000110011001000000011001
3
00111000110111010101001000001111
00111000110111010101001000011111
00111000110111010101001000011111
00011111100100100000101001100010
00011111100100100000101001100010
00011111110100100000101001100010
01100100110000101110011111000000
01100100110000101110011111000100
01100100111000101110011111000100
01111001110000001111101011000000
01111001110001001111101011000000 <= 
01111001110011001111101011000000
10010001011011110110011111111011
10010011011011110110011111111011
10010011011011110110011111111011
01011100100011110011010010100010
01011100100011110011010010100010
01011100100011110011010010100010
01100010111010111011101100010110
01100010111010111011101100010110
01100010111010111011101100010110
10000101010101010011101001001000
10000101010101010011101001001000
10000101010101010011101001001100
10000110111001100000000000111010
10000110111001100000000000111010
10000111111001100000000000111010
00111000011110111111101101011011
00111100011110111111101101011011
01111100011110111111101101011011
4
01001101101110101011110011111111
01001101101110101011110011111111
01001101101110101011110011111111
01001101101110101011110011111111
00101111011111001001111011110010
00101111011111001001111011110010
00101111011111001001111011110010
00101111011111001001111011110010
01100000100001001110110010001011
01100000100001001110110110001011
01100000100001001110110110001011
01100000100001001110110110001011
10101010010111101100110011100010
10101010010111101100110011100110
10101010010111101100110011100110
10101010010111101100110011100110
00110111101001110011101100111110
00110111101001110011101100111110
00110111101001110011101100111110
00110111101001110011101100111110
10001101100110000011101100110110
10001101100110000011101100111110
10001101100110000011101100111110
11001101100110000011101100111110
10000001010010010001101111011011
10000001010010010001101111011011
10010001010010010001101111011011
10010001010010010001101111011111
11000001111001000001111010010100
11000001111011000001111010010100
11001001111011000001111010010100
11001001111011000001111010010100
11100110111110101101100110110110
11100110111111101101100110110110
11101110111111101101100110110110
11101110111111101101100110110111
00000001010100011001011100110100
00000001010100011001011100110100
00000001010100111001011100110100
00000001010100111001011100110100
5
11010110110110110001110111000011
11010110110110110101110111000011
11010110110110110101110111001011
11010110110110110101110111001011
11011110110110110101110111001011
10011100001110110001110000101001
10011100101110110001110000101001
10011110101110110001110000101001
10011110101110110001110000101001
10011110101110110001110000101001 <=
01111101110100100010111100111110
01111101110100100010111100111110
01111101110100100010111100111110
01111101110100100010111100111110
01111101110100100010111100111110
00010111010011100011000110111101
01010111010011100011000110111101
01011111010011100011000110111101
01011111010011100011000110111101
01011111010011100011000110111101
01011110101011110001010011111111
01011110101011110001010011111111
01011110101011110001010011111111
01011110101011110001010011111111
01011110101011110001011011111111
10111011101100000110010110111101
10111011101100000110010110111101
10111011101100000110010110111101
10111011101100000110010110111101
10111011101100000110010110111101
10011011111001110101100100110001
10011011111011110101100100110001
10011011111011110101100100110001
10011011111011110101100100110001
10011011111011111101100100110001
11101011110010110000111010110000
11101011110010110000111011110000
11101011110010110000111011111000
11101011110010110000111011111000
11101011110010110000111011111000
00100000011100001100010110111110
00100000111100001100010110111110
00110000111100001100010110111110
00110000111100001100010110111110
00110000111100001100010110111110
01001111110011110110010100101110
01001111110011110110010100101110
01001111110011110110010100101110
01001111110011110110010110101110
01001111110011110110010110101110
6
00101101000000010001101001010001
00101101000000010001101001010001
00101101000000010001101001010001
00111101000000010001101001010001
00111101000000010001101001010001
00111101000000010001101001010001
00100100010100110101101011100010
00100100010100110101101011100011
00100100010100110101101011100011
00100100011100110101101011100011
00100101011100110101101011100011
00100101011100111101101011100011
10011101101010001101100110111010
10011101101010001101100110111010
10011101101011001101100110111010
10111101101011001101100110111010
10111101101011001101100110111010
10111101101011001101100110111011
10101001011000000001001101010001
11101001011000000001001101010001
11101001011100000001001101010001
11101001011100000001001101010001
11101001011100001001001101010001
11101001011100001001001101010001
11111011011101111111110010000000
11111011011101111111111010000000
11111011011101111111111010000000
11111011011101111111111010000000
11111011011101111111111010001000
11111011011111111111111010001000
01011111111011111000101100011010
01011111111011111000101100011010
01011111111011111000101100011010
01011111111011111000101100011010
01011111111011111000101100011010
01011111111111111000101100011010
10111000001100101000001011011110
10111000001100101000001011011110
10111100001100101000001011011110
10111100001100101000001011011110
10111100001100101000001011011110
10111100001110101000001011011110
11101101011000010001010011111101
11101101011000010001010011111101
11101101011000010001010011111101
11101101011000010001010011111101
11101101011000010001010011111101
11101101011000010001010011111101
00000101100010111100100110001111
00000111100010111100100110001111
00000111100010111110100110001111
00000111100010111110100110001111
00000111100010111110100110001111
00000111100010111110100110001111
11001011000100010111110101100101
11001011000100010111110101100101
11001011000110010111110101100101
11001011000110010111110101100101
11001011000110010111110101100101
11001011000110010111110101100101
7
11001101001000110011000011010010
11001101001000110011000011010010
11001101001010110011000011010010
11001101001010110011010011010010
11001101001010110011010011010010
11001101001010110011010011010010
11011101001010110011010011010010
01101100100011101110100111010000
01111100100011101110100111010000
01111100100011101110100111010010
01111100100011101110100111010010
01111100100011101110100111010010
01111100100011101110100111010010
01111100100011101110100111010010
00111010110010110110110011110100
00111011110010110110110011110100
00111011110010110110110011110101
00111111110010110110110011110101
00111111110010110110110011110101
00111111110010110110110011110101
00111111110010110111110011110101
11000001001100001101101111111100
11000001001100001101111111111100
11000001001100001101111111111100
11000001001100001101111111111110
11000001001100001101111111111110
11000001001101001101111111111110
11001001001101001101111111111110
10110000111000101010101010000111
10110000111000101010101010000111
10110000111000101010101010000111
10110000111000101010101010000111
10110000111000101010101010000111
10110000111000101010101010001111
10110000111001101010101010001111
00101001101011001110010000111011
00101001101011001110010000111011
00101001101011001110011000111011
00101001101011001110011000111011
00101001101011001110011000111011
00101001101011001110011000111011
00101001101011001110011000111011
10000111000101111110001010111011
10000111000101111110001010111011
10000111000101111110001010111011
10000111000101111110001010111011
10000111000101111110001010111011
10000111000101111110001110111011
10000111000101111110001110111011
01001001010110010101000111011010
01001001010110010101000111011010
01001001010110010101000111011010
01001001010110110101000111011010
01001001010110110101001111011010
01001001010110110101001111111010
01001001010110110101001111111011
10001111001000010100111001011000
10001111001000010100111001011000
10001111001000010100111001011010
10001111001000010100111001011010
10001111001000010100111001011010
10001111001000010100111001011010
10001111001000010100111001011010
10010100110000111110001100100101
10010100110000111110101100100101
10010100110100111110101100100101
10010100110100111110101100100101
10010100110100111110101100100101
10010100110101111110101100100101
10011100110101111110101100100101
8
00011011100110010110010001101111
00011011100110010110010001101111
00011011100110010110010001101111
00011011100110010110010001101111
00011011100110010110010001101111
00011011100110010110010001101111
00011011100110010110010001101111
00011011100110010110010001101111
00000011111100010110110111011110
00100011111100010110110111011110
00100011111100010110110111011110
00100011111100010110110111011110
00100011111100010110110111011110
00100011111100010110110111011110
00100011111100010110110111011110
00100111111100010110110111011110
11000110111010010000001001011001
11000110111010010100001001011001
11000110111010110100001001011001
11001110111010110100001001011001
11001110111011110100001001011001
11001110111011111100001001011001
11011110111011111100001001011001
11011110111011111100001001011101
10110001100001011001111011101000
10110001100001011001111011101000
10110001110001011001111011101000
10110001110001011001111011101000
10110001110001011001111011101000
10110001110001011001111011101000
10110001110001011001111011111000
10110001110001011001111011111000
11011011110110010111101010110111
11011011110110010111101010110111
11011011110110010111111010110111
11011011111110010111111010110111
11011011111110010111111010110111
11011011111110010111111010110111
11011011111110010111111010110111
11011011111110010111111010110111
00110110010111000100110000011001
00110110010111000100110000011001
00110110010111000110110000011001
00110111010111000110110000011001
00110111010111000110111000011001
00110111010111000110111000011101
00110111010111000110111100011101
00110111010111000110111100011101
00100010010000000111110011010011
00100010011000000111110011010011
00100110011000000111110011010011
00101110011000000111110011010011
00101110011000000111110011010011
00101110011000010111110011010011
00101110011000010111111011010011
00101110011010010111111011010011
11011111111100111001010010111101
11011111111101111001010010111101
11011111111101111001010010111101
11011111111101111001010010111101
11011111111101111001010010111101
11011111111101111001011010111101
11011111111101111001011010111101
11011111111101111001011010111101
00001001011010001100001001100100
00001001011010001110001001100100
00001001011010001110001001100100
00001101011010001110001001100100
00001101011010001110001101100100
00001101011010001110001101100100
01001101011010001110001101100100
01001101011010001110001101100100
00111101010111101011100110100011
00111101010111101011101110100011
00111101010111101011101110100011
00111101010111101011101110100111
00111101010111101011101110100111
00111101010111101011101110100111
00111101010111101011101110100111
00111101010111101011101110110111
9
01011101101100011011101011101010
01011101101100011011101011101010
01011101101101011011101011101010
01011101101101011011101011101010
01011101101101011011101011101010
01011101101111011011101011101010
01011101101111011011101011101110
01011101101111011011101011101110
01011101101111011011101111101110
11001101011101011000111110111011
11101101011101011000111110111011
11101101011101011000111110111111
11101101011101011100111110111111
11101101011101011100111110111111
11101101011101011100111110111111
11101111011101011100111110111111
11101111011101011100111110111111
11101111011101011100111110111111
01011110101111100111010001011111
01011110101111100111010001011111
01011110101111110111010001011111
01011110101111110111010001011111
01011110101111110111010001011111
01011110111111110111010001011111
01011110111111110111010001011111
01011110111111110111010001011111
01011110111111110111010001011111
00010010010110111010100101010111
00011010010110111010100101010111
00011010010110111010100101010111
00011010010110111010100101010111
00011010010110111010100101011111
00011010010110111010100101011111
00011010010110111110100101011111
00011010010110111110100101011111
00011010010110111110100101011111
00001101001000011100110001111111
00001101001000011100110001111111
00001101011000011100110001111111
00001101011010011100110001111111
01001101011010011100110001111111
01001111011010011100110001111111
01001111011010011100110001111111
01001111011010011100110001111111
01001111011010011100110001111111
00010011001001100101100011111001
00010011001001100101100011111001
00010011001011100101100011111001
01010011001011100101100011111001
01010011001011100101100011111001
01010011001011100101100011111101
01010011101011100101100011111101
01010011101011100101100011111101
01010011101011100101100011111101
01110010011000000010000110110000
01110010011000000010010110110000
01110010011000000010010110110000
01110010011000000010010110110010
01110010011000000010010110110010
01110010011000000010010110110010
01110010011000000010010110110011
01110010011000000010010110110111
01110010011000000010010111110111
10011001001010001111010010111101
10011001001010001111010010111101
10011001001010001111010010111101
10011001001010011111010010111101
10011001001010011111010010111101
10011011001010011111010010111101
10011011001010011111010010111101
10011011001010011111010010111101
10011011001010011111110010111101
11010001111011010000001101111000
11010001111011010000001101111000
11010101111011010000001101111000
11010101111011010000001101111100
11010101111011010000001101111100
11010101111011010000001101111100
11010101111011010001001101111100
11010101111011010001001101111100
11010101111011010001101101111100
00101011001111001111101101001110
00101011001111011111101101001110
00101011001111111111101101001110
00101011001111111111101101001110
00101011001111111111101101001110
00101011001111111111101101001110
00101011001111111111101101101110
00101011001111111111101101111110
00101011001111111111101101111110
